Time(s)	FPS
3.3970	0.29
3.9170	0.26
3.6170	0.28
3.8900	0.26
3.4520	0.29
3.4010	0.29
3.3510	0.30
3.3140	0.30
3.2090	0.31
3.1370	0.32
3.2810	0.30
3.3570	0.30
3.0830	0.32
2.9660	0.34
3.0330	0.33
3.1370	0.32
3.2280	0.31
2.9300	0.34
2.8560	0.35
2.8550	0.35
2.8550	0.35
2.8590	0.35
2.8560	0.35
2.8550	0.35
2.8550	0.35
2.8560	0.35
2.8530	0.35
2.8550	0.35
2.8540	0.35
2.8560	0.35
2.8550	0.35
2.8550	0.35
2.8550	0.35
2.8550	0.35
2.8530	0.35
2.8550	0.35
2.8560	0.35
2.8560	0.35
2.8550	0.35
2.8550	0.35
2.8540	0.35
2.8550	0.35
2.8560	0.35
2.8550	0.35
2.8550	0.35
2.8560	0.35
2.9210	0.34
2.9950	0.33
2.8550	0.35
2.8550	0.35
2.8540	0.35
2.8560	0.35
2.8540	0.35
2.8550	0.35
2.8540	0.35
2.8560	0.35
2.8560	0.35
2.8550	0.35
2.8560	0.35
2.8540	0.35
2.8560	0.35
2.8560	0.35
2.8540	0.35
2.8550	0.35
2.8550	0.35
2.8550	0.35
2.8540	0.35
2.8550	0.35
2.8550	0.35
2.8560	0.35
2.8550	0.35
2.8550	0.35
2.8560	0.35
2.8550	0.35
2.8570	0.35
2.8550	0.35
2.8560	0.35
2.8560	0.35
2.8540	0.35
2.8550	0.35
2.8540	0.35
2.8560	0.35
2.8560	0.35
2.8550	0.35
2.8560	0.35
2.8560	0.35
2.8550	0.35
2.8560	0.35
2.8550	0.35
2.8550	0.35
2.8560	0.35
2.8570	0.35
2.8570	0.35
2.8550	0.35
2.8540	0.35
2.8560	0.35
2.8540	0.35
3.3560	0.30
3.0350	0.33
2.8540	0.35
2.8550	0.35
2.8870	0.35
2.8540	0.35
2.8540	0.35
2.8540	0.35
2.8560	0.35
2.9090	0.34
3.0880	0.32
3.1630	0.32
3.1660	0.32
3.1410	0.32
2.9450	0.34
2.8550	0.35
2.8550	0.35
2.8550	0.35
2.8540	0.35
3.0450	0.33
2.8540	0.35
2.8590	0.35
2.8560	0.35
2.8580	0.35
2.8550	0.35
2.8560	0.35
2.8550	0.35
2.8550	0.35
2.8550	0.35
2.8550	0.35
2.8550	0.35
2.8560	0.35
2.8550	0.35
2.8550	0.35
2.8550	0.35
2.8560	0.35
2.8550	0.35
2.8550	0.35
2.8540	0.35
2.8530	0.35
2.8550	0.35
2.8560	0.35
2.8560	0.35
2.8540	0.35
2.8540	0.35
2.8550	0.35
2.8540	0.35
2.8550	0.35
2.8560	0.35
2.8550	0.35
2.8560	0.35
2.8550	0.35
2.8550	0.35
2.8550	0.35
2.8570	0.35
2.8560	0.35
2.8540	0.35
2.8540	0.35
2.8990	0.34
2.8850	0.35
2.8550	0.35
2.8570	0.35
2.8550	0.35
2.8680	0.35
2.8710	0.35
2.8540	0.35
2.8550	0.35
2.8550	0.35
2.8540	0.35
2.8710	0.35
3.0770	0.32
3.1170	0.32
3.1910	0.31
3.0670	0.33
2.8550	0.35
2.8550	0.35
2.8550	0.35
2.8550	0.35
2.8570	0.35
2.8550	0.35
2.8550	0.35
2.8540	0.35
2.8560	0.35
2.8550	0.35
2.8550	0.35
2.8540	0.35
2.8560	0.35
2.8560	0.35
2.8540	0.35
2.8550	0.35
2.8550	0.35
2.8560	0.35
2.8540	0.35
2.8550	0.35
2.8540	0.35
2.8550	0.35
2.8550	0.35
2.8560	0.35
2.8570	0.35
2.8560	0.35
2.8550	0.35
2.8550	0.35
2.8550	0.35
2.8540	0.35
2.8550	0.35
2.8540	0.35
2.8550	0.35
2.8550	0.35
2.8540	0.35
2.8550	0.35
2.8550	0.35
2.8550	0.35
2.8550	0.35
2.8550	0.35
2.8540	0.35
2.8560	0.35
2.8540	0.35
2.8540	0.35
2.8560	0.35
2.8570	0.35
3.3630	0.30
2.9500	0.34
2.8560	0.35
2.8570	0.35
2.8720	0.35
2.8540	0.35
2.8550	0.35
2.8550	0.35
2.8550	0.35
2.9200	0.34
3.1500	0.32
3.2030	0.31
3.5760	0.28
3.3260	0.30
2.8550	0.35
2.8540	0.35
2.8550	0.35
2.8560	0.35
2.8540	0.35
2.8540	0.35
2.8540	0.35
2.8560	0.35
2.8550	0.35
2.8550	0.35
2.8560	0.35
2.8550	0.35
2.8550	0.35
2.8550	0.35
2.8570	0.35
2.8550	0.35
2.8540	0.35
2.8540	0.35
2.8540	0.35
2.8560	0.35
2.8560	0.35
2.8550	0.35
2.8550	0.35
2.8550	0.35
2.8550	0.35
2.8550	0.35
2.8550	0.35
2.8560	0.35
2.8550	0.35
2.8550	0.35
2.8550	0.35
2.8540	0.35
2.8540	0.35
2.8550	0.35
2.8560	0.35
2.8570	0.35
2.8530	0.35
2.8550	0.35
2.8560	0.35
3.0250	0.33
3.5980	0.28
2.8560	0.35
2.8540	0.35
2.8550	0.35
2.8570	0.35
2.8540	0.35
2.8550	0.35
2.8540	0.35
2.8550	0.35
2.8560	0.35
2.8560	0.35
2.8550	0.35
2.8540	0.35
2.8560	0.35
2.8560	0.35
2.8540	0.35
2.8550	0.35
2.8550	0.35
2.8550	0.35
2.8550	0.35
2.8550	0.35
2.8550	0.35
2.8540	0.35
2.8530	0.35
2.8580	0.35
2.8570	0.35
2.8560	0.35
2.8560	0.35
2.8560	0.35
2.8560	0.35
2.8550	0.35
2.8560	0.35
2.8550	0.35
2.8550	0.35
2.8540	0.35
2.8550	0.35
2.8540	0.35
2.8550	0.35
2.8550	0.35
2.8540	0.35
2.8560	0.35
2.8560	0.35
2.8560	0.35
2.8550	0.35
2.8530	0.35
2.8550	0.35
2.8540	0.35
2.8540	0.35
2.8550	0.35
2.8550	0.35
2.8560	0.35
2.8570	0.35
2.8540	0.35
2.8560	0.35
2.8560	0.35
2.8550	0.35
2.8550	0.35
2.8560	0.35
2.8530	0.35
2.8710	0.35
3.3220	0.30
2.8550	0.35
2.8560	0.35
2.8540	0.35
2.8570	0.35
2.8550	0.35
2.8540	0.35
2.8540	0.35
2.8540	0.35
2.8570	0.35
2.8540	0.35
2.8550	0.35
2.8550	0.35
2.8550	0.35
2.8540	0.35
2.8550	0.35
2.8550	0.35
2.8560	0.35
2.8540	0.35
2.8560	0.35
2.8550	0.35
2.8560	0.35
2.8540	0.35
2.8550	0.35
2.8560	0.35
2.8560	0.35
2.8560	0.35
2.8570	0.35
2.8540	0.35
2.8550	0.35
2.8560	0.35
2.8550	0.35
2.8550	0.35
2.8570	0.35
2.8560	0.35
2.8560	0.35
2.8570	0.35
2.8550	0.35
2.8560	0.35
2.8550	0.35
2.8540	0.35
2.8570	0.35
2.8560	0.35
2.8560	0.35
2.8550	0.35
2.8570	0.35
2.8540	0.35
2.8550	0.35
2.8560	0.35
2.8560	0.35
2.8560	0.35
2.8550	0.35
2.8560	0.35
2.8550	0.35
2.8540	0.35
2.8540	0.35
2.8560	0.35
2.8560	0.35
2.8560	0.35
2.8550	0.35
3.3290	0.30
2.9090	0.34
2.8550	0.35
2.8560	0.35
2.8550	0.35
2.8550	0.35
2.8560	0.35
2.8560	0.35
2.8550	0.35
2.8550	0.35
2.8550	0.35
2.8540	0.35
2.8550	0.35
2.8540	0.35
2.8540	0.35
2.8550	0.35
2.8570	0.35
2.8560	0.35
2.8560	0.35
2.8540	0.35
2.8550	0.35
2.8570	0.35
2.8540	0.35
2.8540	0.35
2.8550	0.35
2.8550	0.35
2.8560	0.35
2.8550	0.35
2.8550	0.35
2.8550	0.35
2.8550	0.35
2.8850	0.35
2.8550	0.35
2.8560	0.35
2.8550	0.35
2.8560	0.35
2.8540	0.35
2.8550	0.35
2.8550	0.35
2.8550	0.35
2.8560	0.35
2.8760	0.35
2.8540	0.35
2.8550	0.35
2.8570	0.35
2.8560	0.35
2.8560	0.35
2.8560	0.35
2.8570	0.35
2.8550	0.35
2.8550	0.35
2.8540	0.35
2.8580	0.35
2.8540	0.35
2.8560	0.35
2.8570	0.35
2.8540	0.35
2.8560	0.35
2.8560	0.35
2.8540	0.35
2.9480	0.34
3.2530	0.31
2.8540	0.35
2.8550	0.35
2.8560	0.35
2.8550	0.35
2.8560	0.35
2.8560	0.35
2.8560	0.35
2.8550	0.35
2.8560	0.35
2.8550	0.35
2.8560	0.35
2.8570	0.35
2.8550	0.35
2.8540	0.35
2.8550	0.35
2.8570	0.35
2.8560	0.35
2.8550	0.35
2.8550	0.35
2.8550	0.35
2.8560	0.35
2.8550	0.35
2.8580	0.35
2.8560	0.35
2.8540	0.35
2.8560	0.35
2.8540	0.35
2.8570	0.35
2.8550	0.35
2.8560	0.35
2.8550	0.35
2.8550	0.35
2.8540	0.35
2.8560	0.35
2.8560	0.35
2.8550	0.35
2.8560	0.35
2.8540	0.35
2.8560	0.35
2.8560	0.35
2.8560	0.35
2.8550	0.35
2.8540	0.35
2.8560	0.35
2.8570	0.35
2.8540	0.35
2.8540	0.35
2.8550	0.35
2.8570	0.35
2.8560	0.35
2.8550	0.35
2.8560	0.35
2.8540	0.35
2.8550	0.35
2.8550	0.35
2.8560	0.35
2.8550	0.35
2.8560	0.35
2.8570	0.35
3.3750	0.30
2.8550	0.35
2.8540	0.35
2.8560	0.35
2.8540	0.35
2.8550	0.35
2.8540	0.35
2.8540	0.35
2.8540	0.35
3.1870	0.31
2.8860	0.35
2.8550	0.35
2.8560	0.35
2.8550	0.35
2.8560	0.35
2.8560	0.35
2.8540	0.35
2.8560	0.35
2.8540	0.35
2.8570	0.35
2.8550	0.35
2.8550	0.35
2.8550	0.35
2.8550	0.35
2.8540	0.35
2.8550	0.35
2.8540	0.35
2.8550	0.35
2.8550	0.35
2.8560	0.35
2.8550	0.35
2.8560	0.35
2.8550	0.35
2.8550	0.35
2.8540	0.35
2.8550	0.35
2.8560	0.35
2.8550	0.35
2.8540	0.35
2.8550	0.35
2.8560	0.35
2.8550	0.35
2.8580	0.35
2.8550	0.35
2.8550	0.35
2.8540	0.35
2.8540	0.35
2.8540	0.35
2.8560	0.35
2.8560	0.35
2.8560	0.35
2.8550	0.35
2.8560	0.35
2.8540	0.35
2.8550	0.35
2.8570	0.35
3.3950	0.29
3.2280	0.31
2.8550	0.35
2.8550	0.35
2.8560	0.35
2.8550	0.35
2.8550	0.35
2.8560	0.35
2.8550	0.35
2.8550	0.35
2.8560	0.35
2.9450	0.34
2.8540	0.35
3.0290	0.33
2.8560	0.35
2.8550	0.35
2.8540	0.35
2.8560	0.35
2.8540	0.35
2.8550	0.35
2.8550	0.35
2.8540	0.35
2.8540	0.35
2.8570	0.35
2.8540	0.35
2.8550	0.35
2.8560	0.35
2.8570	0.35
2.8550	0.35
2.8560	0.35
2.8550	0.35
2.8550	0.35
2.8560	0.35
2.8560	0.35
2.8540	0.35
2.8550	0.35
2.8560	0.35
2.8550	0.35
2.8550	0.35
2.8550	0.35
2.8550	0.35
2.8560	0.35
2.8550	0.35
2.8540	0.35
2.8570	0.35
2.8570	0.35
2.8540	0.35
2.8550	0.35
2.8560	0.35
2.8540	0.35
2.8570	0.35
2.8540	0.35
2.8580	0.35
2.8600	0.35
2.8600	0.35
2.8570	0.35
2.8560	0.35
2.8570	0.35
2.8570	0.35
2.8560	0.35
3.1480	0.32
3.0410	0.33
2.8550	0.35
2.8550	0.35
2.8570	0.35
2.8550	0.35
2.8560	0.35
2.8540	0.35
2.8570	0.35
2.8550	0.35
2.8560	0.35
2.8560	0.35
2.8550	0.35
2.8560	0.35
2.8550	0.35
2.8530	0.35
2.8570	0.35
2.8550	0.35
2.8560	0.35
2.8540	0.35
2.8560	0.35
2.8560	0.35
2.8550	0.35
2.8550	0.35
2.8550	0.35
2.8560	0.35
2.8560	0.35
2.8560	0.35
2.8550	0.35
2.8560	0.35
2.8550	0.35
2.8540	0.35
2.8550	0.35
2.8550	0.35
2.8540	0.35
2.8550	0.35
2.8560	0.35
2.8560	0.35
2.8550	0.35
2.8560	0.35
2.8550	0.35
2.8570	0.35
2.8560	0.35
2.8560	0.35
2.8560	0.35
2.8550	0.35
2.8550	0.35
2.8570	0.35
2.8570	0.35
2.8550	0.35
2.8560	0.35
2.8550	0.35
2.8540	0.35
2.8550	0.35
2.8570	0.35
2.8530	0.35
2.8560	0.35
2.8550	0.35
2.8570	0.35
2.8550	0.35
2.8960	0.35
3.3150	0.30
2.8550	0.35
2.8540	0.35
2.8550	0.35
2.8550	0.35
2.8550	0.35
2.8560	0.35
2.8560	0.35
2.8560	0.35
2.8550	0.35
2.8560	0.35
2.8550	0.35
2.8550	0.35
2.8560	0.35
2.8580	0.35
2.8570	0.35
2.8550	0.35
2.8550	0.35
2.8550	0.35
2.8540	0.35
2.8560	0.35
2.8550	0.35
2.8560	0.35
2.8570	0.35
2.8540	0.35
2.8560	0.35
2.8550	0.35
2.8540	0.35
2.8540	0.35
2.8550	0.35
2.8540	0.35
2.8560	0.35
2.8550	0.35
2.8560	0.35
2.8550	0.35
2.8540	0.35
2.8540	0.35
2.8550	0.35
2.8560	0.35
2.8550	0.35
2.8560	0.35
2.8560	0.35
2.8540	0.35
2.8550	0.35
2.8540	0.35
2.8570	0.35
2.8550	0.35
2.8550	0.35
2.8540	0.35
2.8550	0.35
2.8560	0.35
2.8560	0.35
2.8560	0.35
2.8550	0.35
2.8560	0.35
2.8550	0.35
2.8540	0.35
2.8540	0.35
2.8550	0.35
2.8550	0.35
3.3210	0.30
2.8550	0.35
2.8550	0.35
2.8560	0.35
2.8560	0.35
2.8550	0.35
2.8570	0.35
2.8570	0.35
2.8560	0.35
2.8550	0.35
2.8550	0.35
2.8550	0.35
2.8560	0.35
2.8540	0.35
2.8560	0.35
2.8550	0.35
2.8550	0.35
2.8540	0.35
2.8540	0.35
2.8550	0.35
2.8540	0.35
2.8550	0.35
2.8560	0.35
2.8540	0.35
2.8560	0.35
2.8570	0.35
2.8560	0.35
2.8550	0.35
2.8540	0.35
2.8560	0.35
2.8560	0.35
2.8530	0.35
2.8550	0.35
2.8540	0.35
2.8560	0.35
2.8540	0.35
2.8560	0.35
2.8550	0.35
2.8570	0.35
2.8550	0.35
2.8550	0.35
2.8560	0.35
2.8570	0.35
2.8550	0.35
2.8560	0.35
2.8550	0.35
2.8560	0.35
2.8540	0.35
2.8540	0.35
2.8570	0.35
2.8540	0.35
2.8550	0.35
2.8550	0.35
2.8550	0.35
2.8540	0.35
2.8550	0.35
2.8560	0.35
2.8550	0.35
2.8540	0.35
2.8560	0.35
2.9510	0.34
3.2210	0.31
2.8550	0.35
2.8560	0.35
2.8560	0.35
2.8540	0.35
2.8530	0.35
2.8560	0.35
2.8530	0.35
2.8560	0.35
2.8560	0.35
2.8550	0.35
2.8570	0.35
2.8560	0.35
2.8540	0.35
2.8540	0.35
2.8550	0.35
2.8550	0.35
2.8560	0.35
2.8550	0.35
2.8550	0.35
2.8550	0.35
2.8550	0.35
2.8560	0.35
2.8560	0.35
2.8550	0.35
2.8550	0.35
2.8530	0.35
2.8550	0.35
2.8560	0.35
2.8560	0.35
2.8550	0.35
2.8560	0.35
2.8560	0.35
2.8560	0.35
2.8560	0.35
2.8550	0.35
2.8550	0.35
2.8550	0.35
2.8560	0.35
2.8560	0.35
2.8560	0.35
2.8550	0.35
2.8550	0.35
2.8550	0.35
2.8550	0.35
2.8550	0.35
2.8560	0.35
2.8540	0.35
2.8550	0.35
2.8560	0.35
2.8560	0.35
2.8560	0.35
2.8540	0.35
2.8550	0.35
2.8570	0.35
2.8560	0.35
2.8540	0.35
2.8540	0.35
2.8550	0.35
2.8550	0.35
3.3610	0.30
2.8560	0.35
2.8560	0.35
2.8560	0.35
2.8550	0.35
2.8550	0.35
2.8560	0.35
2.8560	0.35
2.8540	0.35
2.8540	0.35
2.8540	0.35
2.8550	0.35
2.8550	0.35
2.8550	0.35
2.8560	0.35
2.8550	0.35
2.8550	0.35
2.8540	0.35
2.8560	0.35
2.8560	0.35
2.8560	0.35
2.8550	0.35
2.8560	0.35
2.8550	0.35
2.8550	0.35
2.8560	0.35
2.8560	0.35
2.8550	0.35
2.8540	0.35
2.8550	0.35
2.8550	0.35
2.8530	0.35
2.8540	0.35
2.8550	0.35
2.8550	0.35
2.8560	0.35
2.8550	0.35
2.8550	0.35
2.8540	0.35
2.8560	0.35
2.8540	0.35
2.8540	0.35
2.8560	0.35
2.8550	0.35
2.8560	0.35
2.8550	0.35
2.8570	0.35
2.8550	0.35
2.8560	0.35
2.8540	0.35
2.8550	0.35
2.8560	0.35
2.8550	0.35
2.8540	0.35
2.8550	0.35
2.8540	0.35
2.8560	0.35
2.8540	0.35
2.8550	0.35
2.8540	0.35
3.1170	0.32
3.0690	0.33
2.8550	0.35
2.8560	0.35
2.8560	0.35
2.8560	0.35
2.8560	0.35
2.8560	0.35
2.8560	0.35
2.8550	0.35
2.8550	0.35
2.8560	0.35
2.8550	0.35
2.8540	0.35
2.8550	0.35
2.8540	0.35
2.8550	0.35
2.8550	0.35
2.8550	0.35
2.8550	0.35
2.8550	0.35
2.8550	0.35
2.8550	0.35
2.8570	0.35
2.8540	0.35
2.8550	0.35
2.8560	0.35
2.8550	0.35
2.8560	0.35
2.8560	0.35
2.8570	0.35
2.8560	0.35
2.8570	0.35
2.8550	0.35
2.8580	0.35
2.8550	0.35
2.8560	0.35
2.8560	0.35
2.8570	0.35
2.8540	0.35
2.8550	0.35
2.8540	0.35
2.8540	0.35
2.8550	0.35
2.8550	0.35
2.8550	0.35
2.8540	0.35
2.8550	0.35
2.8560	0.35
2.8550	0.35
2.8550	0.35
2.8580	0.35
2.8560	0.35
2.8550	0.35
2.8560	0.35
2.8540	0.35
2.8560	0.35
2.8550	0.35
2.8550	0.35
2.8560	0.35
2.8670	0.35
3.3230	0.30
2.8550	0.35
2.8550	0.35
2.8550	0.35
2.8560	0.35
2.8560	0.35
2.8540	0.35
2.8550	0.35
2.8560	0.35
